1           1           simon       17863130175    3           data                            simon       20160619  3         0.900000  12.000000  32.400000         
2           3           computer    17863130175    1           good                            green       20170623  4         0.900000  89.600000 322.560000         
3           1           simon       17863130175    1           good                            green       20170623  6         0.950000  89.600000 510.720000         
4           1           simon       17863130175    1           good                            green       20170623  4         0.950000  89.600000 340.480000         
5           1           simon       17863130175    1           good                            green       20170623  9         0.950000  89.600000 766.080000         
6           1           simon       17863130175    4           English                         Danny       20170623  9         0.950000  39.800000 340.290000         
7           1           simon       17863130175    4           English                         Danny       20170623  4         0.950000  39.800000 151.240000         
8           2           qiutong     17863130156    3           Japanese                        Jenny       20170624  7         0.900000  87.900000 553.770000         
9           2           qiutong     17863130156    1           good                            green       20170624  2         0.900000  89.600000 161.280000         
10          2           qiutong     17863130156    3           Japanese                        Jenny       20170624  4         0.900000  87.900000 316.440000         
11          2           qiutong     17863130156    8           QtQuick                         people      20170624  6         0.900000  67.980000 367.092000         
12          2           qiutong     17863130156    11          technology                      HuoJin      20170624  2         0.900000  78.930000 142.074000         
13          4           wangming    41746412744    1           good                            green       20170624  2         0.850000  89.600000 152.320000         
14          4           wangming    41746412744    8           QtQuick                         people      20170624  2         0.850000  67.980000 115.566000         
15          4           wangming    41746412744    11          technology                      HuoJin      20170624  7         0.850000  78.930000 469.633500         
16          1           simon       17863130175    12          education                       zhangyan    20170624  3         0.950000  58.940000 167.979000         
